===============================================================================
 Language            Files        Lines         Code     Comments       Blanks
===============================================================================
 Go                     51         5353         4749          175          429
 Python                 50         4789         3739           82          968
 Gleam                  48         2758         2287           36          435
 Elixir                 48         2165         1737           91          337
 C#                     16         1070          930            4          136
 PHP                    16         1279          804          356          119
 TOML                   48          936          792           48           96
 Ruby                   14          507          383           20          104
 Clojure                18          487          366            7          114
 MSBuild                10          154          121            0           33
 F#                      4          150          107           10           33
 OCaml                   9          100           81            6           13
 Edn                     6           36           36            0            0
 Makefile                3           27           18            0            9
 Markdown              333        22542            0        14336         8206
 Plain Text              2            8            0            8            0
===============================================================================
 Total                 676        42361        16150        15179        11032
===============================================================================
